expression [[1, 5, 2], [4, 9, 5], [8, 7, 6]] + [[0, 2, 1], [8, 2, 7], [3, 2, 5]]
expression [[1, 5, 2], [4, 9, 5], [8, 7, 6]] - [[0, 2, 1], [8, 2, 7], [3, 2, 5]]
expression [[1, 5, 2], [4, 9, 5], [8, 7, 6]] * [[0, 2, 1], [8, 2, 7], [3, 2, 5]]
expression [[1, 5, 2], [4, 9, 5], [8, 7, 6]] * 5
expression 8 * [[0, 2, 1], [8, 2, 7], [3, 2, 5]]
expression [[1, 5, 2], [4, 9, 5], [8, 7, 6]] == [[0, 2, 1], [8, 2, 7], [3, 2, 5]]
expression [[1, 5, 2], [4, 9, 5], [8, 7, 6]] != [[0, 2, 1], [8, 2, 7], [3, 2, 5]]
determinant [[1, 5, 2], [4, 9, 5], [8, 7, 6]]
reversed [[1, 5, 2], [4, 9, 5], [8, 7, 6]]
transpose [[1, 5, 2], [4, 9, 5], [8, 7, 6]]
trace [[1, 5, 2], [4, 9, 5], [8, 7, 6]]
exponential [[1, 5, 2], [4, 9, 5], [8, 7, 6]]
